1 -0.872973 0.056253 0.433388 -0.216629 0.396596 0.258009 0.308164 1 ipad01.png

2 -0.962999 0.1676 0.181825 -0.107158 0.142551 0.275103 0.503577 1 ipad02.png

3 -0.947558 0.150561 -0.24558 0.138402 -0.160118 0.260595 0.474237 1 ipad03.png

4 -0.854019 -0.001369 -0.485112 0.18793 -0.392797 0.272428 0.264752 1 ipad04.png

5 -0.81089 0.017162 -0.539757 -0.225446 -0.516971 -0.089019 0.305935 1 ipad05.png

6 -0.94414 -0.17578 -0.23768 -0.145635 -0.220701 -0.093873 0.546463 1 ipad06.png

7 -0.959535 -0.206118 0.167752 0.093099 0.172558 -0.08819 0.561135 1 ipad07.png

8 -0.849684 -0.034255 0.475966 0.224319 0.461536 -0.080175 0.363687 1 ipad08.png

9 0.850908 0.020665 -0.524028 -0.030374 0.57849 -0.02353 0.259824 2 canon01.png

10 -0.940958 -0.02421 -0.335603 -0.037182 -0.358267 -0.042025 0.447181 2 canon02.png

11 -0.960158 -0.072959 0.266636 0.040964 0.313844 -0.048402 0.444136 2 canon03.png

12 -0.791844 0.008683 -0.607592 -0.061146 -0.579848 -0.07245 0.14719 2 canon04.png

13 -0.997151 -0.072498 -0.019595 -0.006956 -0.015098 -0.025275 0.556632 2 canon05.png

